30 10 15
   0    3   0.1500
   0    4   0.4270
   0    7   0.1630
   0   12   0.6220
   0   25   0.8790
   0   27   0.7560
   0   28   0.6670
   1    4   0.9980
   1    5   0.3250
   1    7   0.3040
   1    8   0.7130
   1    9   0.6140
   1   10   0.6320
   1   14   0.1790
   1   18   0.5320
   1   19   0.9630
   1   20   0.5770
   1   22   0.4180
   1   23   0.3680
   1   27   0.5850
   2    3   0.4540
   2    8   0.8520
   2   10   0.6490
   2   13   0.6710
   2   15   0.9870
   2   17   0.9960
   2   19   0.7490
   2   23   0.9740
   2   27   0.7750
   3   14   0.8290
   3   15   0.4930
   3   18   0.7850
   3   20   0.9530
   3   21   0.3900
   3   26   0.5390
   3   29   0.4130
   4    7   0.4900
   4    9   0.4700
   4   10   0.2900
   4   20   0.1690
   4   22   0.7820
   4   26   0.1490
   4   27   0.3840
   5    9   0.5210
   5   14   0.5230
   5   15   0.1290
   5   16   0.6500
   5   17   0.4000
   5   18   0.4510
   5   20   0.6940
   5   21   0.2720
   5   24   0.9340
   5   27   0.8020
   6    8   0.2970
   6   10   0.1450
   6   13   0.3320
   6   16   0.6930
   6   17   0.6080
   6   21   0.4400
   6   22   0.3460
   6   28   0.3600
   7   11   0.7260
   7   12   0.4870
   7   18   0.3510
   7   19   0.3940
   7   22   0.8890
   7   23   0.7540
   7   24   0.8610
   7   25   0.8410
   7   29   0.7010
   8   10   0.3510
   8   11   0.9090
   8   12   0.5550
   8   16   0.1510
   8   17   0.8200
   8   23   0.9420
   8   29   0.2250
   9   10   0.9750
   9   11   0.7450
   9   13   0.8850
   9   15   0.5080
   9   16   0.7070
   9   17   0.3740
   9   28   0.2320
  10   23   0.9790
  10   25   0.7860
  10   28   0.4320
  11   13   0.2400
  11   16   0.6490
  11   19   0.8050
  11   20   0.4080
  11   21   0.6260
  11   24   0.7430
  11   25   0.7050
  11   28   0.4430
  12   13   0.7790
  12   14   0.1390
  12   17   0.6750
  12   20   0.5060
  12   23   0.2540
  12   24   0.9940
  12   26   0.5250
  12   27   0.7000
  12   28   0.9900
  12   29   0.7890
  13   14   0.7660
  13   16   0.4260
  13   21   0.4480
  13   22   0.2130
  13   23   0.3750
  13   26   0.8610
  14   15   0.3610
  14   18   0.9630
  14   25   0.3020
  14   26   0.7280
  14   27   0.2740
  14   28   0.2340
  14   29   0.5110
  15   26   0.5280
  15   27   0.9110
  15   29   0.3590
  16   18   0.4150
  16   19   0.6640
  16   22   0.1250
  16   23   0.5610
  16   28   0.2750
  16   29   0.5810
  17   18   0.7330
  17   20   0.3320
  17   21   0.8780
  17   25   0.9310
  18   19   0.7880
  18   29   0.5100
  19   22   0.4640
  19   24   0.6000
  19   27   0.9650
  20   21   0.1470
  20   28   0.7930
  21   22   0.3990
  21   23   0.5260
  21   24   0.3560
  21   28   0.4430
  21   29   0.8530
  22   25   0.4260
  22   29   0.7060
  23   26   0.4520
  23   28   0.6940
  24   29   0.2360
  27   29   0.5460
  28   29   0.3990
