34 10 17
   0    5   0.9540
   0   12   0.3650
   0   16   0.6320
   0   17   0.6760
   0   22   0.8160
   0   23   0.7800
   0   26   0.4300
   1    2   0.6030
   1    3   0.1160
   1    8   0.7370
   1   13   0.6050
   1   17   0.8740
   1   18   0.2970
   1   23   0.9290
   1   25   0.6710
   1   28   0.1840
   1   31   0.1010
   2   10   0.3090
   2   17   0.8110
   2   18   0.3380
   2   19   0.2620
   2   21   0.2880
   2   25   0.6170
   2   29   0.2270
   2   30   0.2050
   3    4   0.3670
   3    5   0.9360
   3    8   0.4300
   3   10   0.1780
   3   12   0.1030
   3   13   0.5060
   3   15   0.4620
   3   16   0.5290
   3   18   0.5070
   3   25   0.2660
   3   27   0.7710
   3   30   0.2520
   3   31   0.1980
   4   13   0.5200
   4   15   0.6160
   4   19   0.3990
   4   20   0.2230
   4   22   0.3620
   4   28   0.6880
   4   32   0.9500
   5    9   0.7490
   5   14   0.1690
   5   18   0.3560
   5   25   0.3570
   6    7   0.6330
   6   13   0.4680
   6   16   0.5590
   6   17   0.6910
   6   18   0.4170
   6   20   0.9510
   6   21   0.4130
   6   23   0.3960
   6   25   0.9390
   6   27   0.9630
   6   28   0.6980
   6   31   0.1070
   7   12   0.8020
   7   13   0.6170
   7   14   0.2670
   7   15   0.5370
   7   21   0.3030
   7   24   0.5210
   7   27   0.9590
   7   29   0.7520
   7   32   0.6740
   7   33   0.9300
   8   10   0.9530
   8   17   0.5270
   8   23   0.6600
   8   28   0.3690
   8   30   0.4160
   8   31   0.6310
   9   12   0.3180
   9   13   0.4500
   9   14   0.1860
   9   19   0.5050
   9   20   0.9450
   9   22   0.3510
   9   24   0.1040
   9   25   0.7330
   9   27   0.1760
   9   28   0.9740
   9   29   0.7470
  10   16   0.4940
  10   17   0.3590
  10   18   0.4800
  10   25   0.9930
  10   28   0.1760
  10   32   0.9690
  10   33   0.2140
  11   21   0.3310
  11   23   0.5360
  11   25   0.8660
  11   27   0.6830
  11   29   0.8570
  12   16   0.9360
  12   18   0.8410
  12   26   0.9640
  12   27   0.6400
  12   28   0.3500
  12   29   0.7930
  12   32   0.4020
  13   15   0.7290
  13   16   0.1870
  13   17   0.7830
  13   18   0.3170
  13   22   0.3880
  13   24   0.3940
  13   29   0.1160
  13   32   0.4310
  14   17   0.7220
  14   18   0.5650
  14   26   0.2120
  14   27   0.9520
  14   28   0.1350
  15   17   0.3380
  15   21   0.6310
  15   22   0.9820
  15   24   0.2780
  15   26   0.7520
  16   19   0.5710
  16   23   0.9650
  16   27   0.8160
  16   29   0.7790
  16   32   0.9530
  16   33   0.8070
  17   19   0.8930
  17   20   0.6550
  17   22   0.1580
  17   26   0.7670
  17   29   0.4750
  18   20   0.8920
  18   23   0.6570
  18   25   0.4390
  18   27   0.6610
  19   20   0.8520
  19   22   0.8760
  19   23   0.5420
  19   25   0.6700
  20   21   0.3010
  20   22   0.3190
  20   25   0.4190
  20   26   0.2720
  20   27   0.7600
  21   24   0.3710
  21   25   0.8700
  21   30   0.1960
  22   24   0.3350
  22   26   0.8920
  22   29   0.4190
  22   30   0.9760
  23   29   0.3210
  23   33   0.1510
  25   29   0.2470
  26   27   0.7390
  26   29   0.6610
  26   33   0.7190
  28   29   0.7520
  28   31   0.2980
  28   33   0.4930
  29   31   0.6620
  29   32   0.1810
  29   33   0.6660
  31   33   0.4460
  32   33   0.8320
