37 15 17
   0    3   0.6140
   0    5   0.9460
   0    7   0.9330
   0   10   0.4040
   0   11   0.5490
   0   12   0.3200
   0   14   0.6920
   0   22   0.8130
   0   23   0.9150
   0   25   0.2020
   0   26   0.1120
   0   31   0.2770
   1    3   0.6750
   1    5   0.6150
   1    6   0.3500
   1    7   0.6980
   1    9   0.7440
   1   10   0.9930
   1   15   0.9690
   1   17   0.7880
   1   18   0.7000
   1   19   0.7660
   1   23   0.4820
   1   25   0.8680
   1   28   0.8410
   1   29   0.1960
   1   30   0.3250
   1   31   0.9400
   1   34   0.4700
   2    3   0.6280
   2    4   0.9790
   2    7   0.6270
   2    8   0.1950
   2   11   0.7210
   2   12   0.6310
   2   13   0.7630
   2   14   0.3640
   2   17   0.7830
   2   18   0.1230
   2   19   0.2020
   2   20   0.5960
   2   25   0.1510
   2   26   0.4960
   2   27   0.8020
   2   29   0.7560
   2   31   0.3200
   2   33   0.4140
   3    5   0.3800
   3    6   0.5420
   3    7   0.3620
   3    9   0.5670
   3   10   0.8000
   3   13   0.5250
   3   20   0.1110
   3   22   0.9750
   3   28   0.1150
   3   30   0.4470
   4    5   0.6740
   4    6   0.5250
   4    8   0.4240
   4    9   0.7110
   4   12   0.8040
   4   13   0.6070
   4   19   0.6620
   4   22   0.7100
   4   23   0.4880
   4   24   0.6590
   4   25   0.6030
   4   28   0.4570
   4   30   0.1680
   4   32   0.9390
   4   33   0.2140
   4   34   0.6350
   4   35   0.5300
   5    6   0.6320
   5   20   0.2960
   5   28   0.9180
   5   29   0.2200
   5   32   0.4320
   5   33   0.3690
   5   34   0.8970
   5   36   0.9200
   6    7   0.1300
   6    9   0.7820
   6   11   0.8410
   6   12   0.4640
   6   16   0.3530
   6   17   0.9750
   6   20   0.6670
   6   23   0.2500
   6   27   0.1490
   6   30   0.5910
   6   31   0.3090
   6   33   0.8160
   6   34   0.9150
   6   36   0.3210
   7   10   0.3710
   7   13   0.4680
   7   14   0.5980
   7   16   0.8580
   7   17   0.7850
   7   26   0.7390
   7   27   0.9570
   7   32   0.7350
   7   36   0.4300
   8   12   0.7160
   8   13   0.8250
   8   19   0.6740
   8   25   0.3390
   8   27   0.6740
   8   30   0.9490
   8   31   0.3990
   8   32   0.8530
   8   35   0.8240
   9   11   0.4830
   9   14   0.5210
   9   15   0.6800
   9   16   0.5410
   9   20   0.6380
   9   24   0.6670
   9   25   0.1720
   9   28   0.9200
   9   29   0.4260
   9   32   0.8950
   9   34   0.1790
   9   36   0.3370
  10   15   0.7650
  10   19   0.2140
  10   23   0.2500
  10   27   0.7980
  10   28   0.1220
  10   32   0.8260
  10   34   0.6180
  10   35   0.8040
  11   13   0.1470
  11   15   0.6920
  11   17   0.6270
  11   20   0.3100
  11   21   0.9790
  11   24   0.6230
  11   28   0.9760
  11   29   0.1260
  11   30   0.1090
  11   33   0.6840
  12   14   0.2530
  12   19   0.9700
  12   21   0.5260
  12   22   0.3030
  12   24   0.6580
  12   25   0.8500
  12   27   0.7310
  12   31   0.9420
  12   32   0.7150
  12   33   0.8020
  12   36   0.9600
  13   15   0.2300
  13   18   0.4580
  13   20   0.2640
  13   21   0.6160
  13   24   0.5700
  13   25   0.1840
  13   26   0.7500
  13   27   0.9580
  13   31   0.8160
  13   36   0.4000
  14   16   0.7150
  14   17   0.4220
  14   18   0.6350
  14   22   0.2140
  14   24   0.9580
  14   25   0.8490
  14   29   0.5800
  14   32   0.7790
  14   35   0.1140
  14   36   0.6340
  15   16   0.9520
  15   17   0.3990
  15   19   0.2920
  15   20   0.2510
  15   24   0.6630
  15   28   0.4580
  15   29   0.4670
  15   31   0.5810
  15   32   0.7140
  16   17   0.6570
  16   18   0.8100
  16   20   0.6250
  16   22   0.1150
  16   25   0.2600
  16   27   0.3970
  16   28   0.6180
  16   30   0.7370
  16   32   0.9190
  17   19   0.9210
  17   22   0.4540
  17   25   0.8990
  17   29   0.7180
  17   30   0.1100
  17   31   0.7230
  17   34   0.5450
  17   35   0.3390
  18   21   0.8830
  18   22   0.9120
  18   23   0.5430
  18   26   0.2650
  18   28   0.9700
  18   29   0.4580
  18   35   0.4880
  18   36   0.7480
  19   21   0.7330
  19   26   0.3240
  19   30   0.1240
  19   35   0.8800
  19   36   0.3470
  20   21   0.8990
  20   23   0.5650
  20   24   0.1210
  20   27   0.1140
  20   28   0.7060
  20   29   0.1780
  20   34   0.5010
  20   35   0.5540
  20   36   0.6730
  21   24   0.2720
  21   25   0.1640
  21   30   0.4180
  21   31   0.3700
  21   33   0.5310
  21   34   0.5460
  22   23   0.9310
  22   25   0.9670
  22   27   0.8660
  22   30   0.5140
  22   32   0.8700
  22   34   0.2860
  22   35   0.7940
  22   36   0.8200
  23   24   0.2780
  23   25   0.3760
  23   28   0.4500
  23   35   0.5800
  24   26   0.3810
  24   27   0.3780
  24   29   0.1290
  24   30   0.8620
  24   32   0.2090
  24   33   0.4240
  24   34   0.1370
  24   35   0.2850
  25   26   0.9120
  25   28   0.4350
  25   31   0.8080
  25   34   0.9660
  25   35   0.6570
  26   29   0.7480
  26   30   0.9930
  26   31   0.5200
  26   32   0.1950
  26   33   0.3720
  26   34   0.6750
  27   28   0.8110
  27   29   0.7520
  27   30   0.4960
  27   32   0.9930
  27   33   0.6760
  27   35   0.9760
  28   32   0.2030
  28   33   0.8390
  28   36   0.6630
  29   32   0.6520
  30   31   0.6410
  30   35   0.1490
  30   36   0.7770
  31   35   0.7610
  31   36   0.8460
  32   33   0.7060
  32   35   0.2030
