38 20 15
   0    3   0.4450
   0    4   0.6960
   0    5   0.4350
   0    6   0.2620
   0    9   0.9980
   0   10   0.3580
   0   13   0.7250
   0   14   0.8280
   0   15   0.8390
   0   20   0.1790
   0   21   0.3610
   0   22   0.8790
   0   23   0.5510
   0   25   0.2640
   0   27   0.2680
   0   29   0.2460
   0   30   0.6680
   0   31   0.9610
   0   32   0.9360
   0   37   0.2140
   1    2   0.8880
   1    5   0.7660
   1    6   0.5320
   1    9   0.1330
   1   11   0.4170
   1   12   0.8700
   1   15   0.5810
   1   16   0.1960
   1   17   0.2640
   1   18   0.2560
   1   20   0.1620
   1   22   0.9840
   1   25   0.2190
   1   27   0.2370
   1   31   0.3620
   1   33   0.8980
   1   34   0.6270
   1   36   0.8100
   1   37   0.1190
   2    4   0.3430
   2    6   0.1570
   2    7   0.7050
   2   10   0.3890
   2   11   0.8310
   2   13   0.2190
   2   14   0.8180
   2   15   0.8340
   2   17   0.6370
   2   19   0.1420
   2   20   0.2930
   2   24   0.5790
   2   25   0.8960
   2   28   0.5400
   2   30   0.9440
   2   32   0.1110
   2   34   0.4190
   2   35   0.7170
   2   36   0.8250
   3    5   0.2080
   3    6   0.3070
   3   10   0.6570
   3   12   0.7040
   3   13   0.7120
   3   16   0.1950
   3   18   0.4330
   3   20   0.7650
   3   21   0.9870
   3   23   0.7930
   3   28   0.7090
   3   29   0.2950
   3   30   0.5460
   3   31   0.6980
   3   33   0.7010
   3   36   0.5150
   3   37   0.4380
   4    5   0.3700
   4    6   0.7040
   4    8   0.1880
   4    9   0.8760
   4   10   0.7450
   4   12   0.4330
   4   14   0.7680
   4   15   0.2920
   4   17   0.2800
   4   19   0.1240
   4   20   0.7850
   4   21   0.4580
   4   22   0.6150
   4   23   0.5400
   4   25   0.2030
   4   26   0.6470
   4   29   0.4070
   4   30   0.3890
   4   31   0.8180
   4   33   0.4150
   4   34   0.3690
   5    7   0.4440
   5    8   0.3570
   5   11   0.5840
   5   12   0.2550
   5   15   0.5790
   5   17   0.9000
   5   18   0.1880
   5   21   0.9210
   5   22   0.9420
   5   23   0.3280
   5   25   0.6910
   5   26   0.1250
   5   27   0.9320
   5   28   0.2240
   5   29   0.9770
   5   32   0.1120
   5   33   0.1880
   5   34   0.7660
   5   35   0.1920
   5   36   0.2060
   6    7   0.8990
   6    8   0.2040
   6   10   0.5860
   6   11   0.7610
   6   14   0.7250
   6   15   0.3970
   6   16   0.1330
   6   21   0.5240
   6   22   0.6300
   6   23   0.8230
   6   24   0.9660
   6   25   0.1040
   6   27   0.9440
   6   28   0.4990
   6   29   0.3310
   6   32   0.1870
   6   33   0.6950
   6   36   0.8260
   6   37   0.6180
   7    8   0.5910
   7    9   0.9820
   7   13   0.4190
   7   14   0.6540
   7   15   0.4140
   7   16   0.5020
   7   17   0.9690
   7   18   0.8980
   7   20   0.1840
   7   21   0.2860
   7   22   0.1090
   7   25   0.3470
   7   27   0.3430
   7   28   0.8110
   7   29   0.3190
   7   31   0.1830
   7   33   0.6620
   7   35   0.6880
   7   36   0.8510
   8    9   0.8840
   8   12   0.9640
   8   15   0.9110
   8   16   0.7140
   8   17   0.7700
   8   19   0.7370
   8   21   0.1600
   8   24   0.6800
   8   28   0.6940
   8   29   0.8780
   8   30   0.9830
   8   31   0.8750
   8   32   0.3980
   8   33   0.4040
   8   35   0.8870
   8   36   0.9530
   9   10   0.8720
   9   13   0.1550
   9   14   0.5070
   9   18   0.6320
   9   20   0.9070
   9   21   0.6370
   9   22   0.4010
   9   24   0.1290
   9   30   0.7180
   9   34   0.9560
   9   35   0.7650
   9   36   0.6230
   9   37   0.8270
  10   11   0.8920
  10   12   0.6710
  10   14   0.1750
  10   15   0.5410
  10   16   0.5660
  10   17   0.3890
  10   21   0.8880
  10   22   0.4320
  10   23   0.7930
  10   24   0.7660
  10   26   0.3500
  10   27   0.8880
  10   30   0.9870
  10   31   0.3760
  10   32   0.6700
  10   35   0.5550
  11   12   0.7930
  11   14   0.5990
  11   15   0.1340
  11   16   0.4390
  11   20   0.7090
  11   22   0.6030
  11   24   0.7100
  11   25   0.1730
  11   26   0.9890
  11   27   0.9600
  11   28   0.7330
  11   29   0.4880
  11   30   0.3380
  11   32   0.5500
  11   34   0.3360
  11   35   0.8460
  11   36   0.9140
  12   14   0.9120
  12   15   0.2010
  12   16   0.9810
  12   17   0.2610
  12   18   0.5710
  12   21   0.6740
  12   23   0.2130
  12   25   0.4930
  12   26   0.9360
  12   27   0.7790
  12   29   0.6210
  12   30   0.3710
  12   31   0.7410
  12   35   0.8520
  12   37   0.7830
  13   15   0.8910
  13   18   0.3340
  13   20   0.2150
  13   21   0.5200
  13   22   0.6050
  13   23   0.5340
  13   24   0.5330
  13   25   0.8110
  13   26   0.7380
  13   27   0.3130
  13   28   0.1050
  13   29   0.4520
  13   30   0.6270
  13   31   0.2180
  13   32   0.3500
  13   33   0.7290
  13   37   0.1090
  14   18   0.8150
  14   21   0.3160
  14   22   0.1970
  14   23   0.3010
  14   24   0.6290
  14   27   0.5690
  14   29   0.7470
  14   31   0.8200
  14   33   0.3730
  14   34   0.8550
  14   35   0.3330
  15   16   0.4100
  15   18   0.2210
  15   19   0.9750
  15   22   0.8400
  15   24   0.1410
  15   25   0.2800
  15   27   0.5380
  15   28   0.2400
  15   35   0.5860
  16   17   0.3290
  16   18   0.1420
  16   21   0.3140
  16   23   0.4740
  16   24   0.1590
  16   26   0.4580
  16   27   0.7780
  16   28   0.1650
  16   30   0.3180
  16   32   0.4380
  16   35   0.3500
  16   37   0.7940
  17   20   0.1890
  17   25   0.2650
  17   27   0.8270
  17   29   0.4550
  17   31   0.4500
  17   32   0.4680
  17   33   0.8070
  17   35   0.9020
  17   36   0.4330
  17   37   0.6240
  18   20   0.5170
  18   21   0.8780
  18   22   0.5970
  18   23   0.2410
  18   24   0.9400
  18   28   0.5120
  18   31   0.2980
  18   33   0.9510
  18   34   0.6180
  18   37   0.4270
  19   25   0.5850
  19   26   0.2240
  19   28   0.7580
  19   31   0.1280
  19   32   0.5080
  19   34   0.5720
  19   35   0.8280
  19   36   0.4240
  20   21   0.6630
  20   24   0.3910
  20   27   0.5030
  20   28   0.4850
  20   29   0.1540
  20   30   0.8340
  20   31   0.4070
  20   32   0.8910
  20   33   0.2490
  20   34   0.7320
  20   35   0.5740
  20   37   0.6460
  21   22   0.2710
  21   23   0.1490
  21   24   0.6290
  21   27   0.7370
  21   30   0.6790
  21   33   0.3950
  21   34   0.2200
  22   23   0.3610
  22   24   0.4670
  22   27   0.6780
  22   30   0.7900
  22   34   0.3250
  22   37   0.2500
  23   24   0.3240
  23   27   0.2410
  23   28   0.9120
  23   31   0.4920
  23   33   0.6530
  23   34   0.2790
  23   36   0.1900
  23   37   0.5690
  24   25   0.6510
  24   26   0.4550
  24   28   0.2880
  24   30   0.3830
  24   32   0.1340
  24   36   0.3690
  25   28   0.7770
  25   30   0.6200
  25   33   0.2890
  26   30   0.4780
  26   32   0.7640
  26   33   0.4680
  26   36   0.4780
  26   37   0.8560
  27   29   0.9250
  27   30   0.8620
  27   32   0.6130
  27   33   0.5890
  27   37   0.9530
  28   30   0.4710
  28   31   0.6100
  28   32   0.2820
  28   33   0.3730
  28   37   0.4070
  29   31   0.3470
  29   34   0.8930
  29   35   0.3270
  29   36   0.4590
  29   37   0.8120
  30   34   0.2160
  30   35   0.8720
  31   33   0.7670
  31   34   0.4820
  31   37   0.2770
  32   35   0.7150
  32   37   0.9720
  33   34   0.7610
  35   37   0.4010
  36   37   0.2780
