34 10 15
   0    2   0.6310
   0    7   0.7510
   0   15   0.5180
   0   18   0.9010
   0   21   0.9940
   0   24   0.2410
   0   26   0.3970
   0   29   0.6960
   0   30   0.1940
   0   33   0.6300
   1    2   0.3490
   1    7   0.3460
   1   12   0.9010
   1   14   0.1060
   1   16   0.1930
   1   17   0.2450
   1   18   0.4650
   1   19   0.7330
   1   20   0.3240
   1   21   0.6630
   1   24   0.3920
   1   26   0.4830
   1   32   0.6840
   1   33   0.1360
   2    3   0.7200
   2    4   0.7560
   2   10   0.6080
   2   18   0.9190
   2   31   0.1390
   2   33   0.3040
   3    4   0.6530
   3    6   0.5380
   3    8   0.3100
   3   10   0.5560
   3   12   0.5080
   3   13   0.1500
   3   14   0.8210
   3   15   0.6260
   3   18   0.6990
   3   23   0.1590
   3   24   0.1370
   3   27   0.8410
   3   31   0.6470
   4   10   0.4920
   4   19   0.3510
   4   22   0.8050
   4   25   0.1510
   4   27   0.8250
   4   31   0.1570
   4   33   0.2070
   5    7   0.3500
   5   12   0.5640
   5   13   0.1120
   5   23   0.8680
   5   26   0.2330
   5   31   0.3430
   6   23   0.9600
   6   28   0.9820
   6   29   0.2820
   7   17   0.2500
   7   18   0.3990
   7   26   0.8930
   7   28   0.5280
   7   29   0.5760
   8    9   0.8930
   8   12   0.8220
   8   13   0.1980
   8   15   0.3410
   8   18   0.4770
   8   20   0.5350
   8   24   0.8750
   9   10   0.8790
   9   11   0.4220
   9   17   0.5390
   9   27   0.1440
   9   29   0.2510
   9   32   0.3720
   9   33   0.5480
  10   12   0.3650
  10   13   0.3470
  10   15   0.8000
  10   16   0.2130
  10   17   0.1820
  10   19   0.7370
  10   20   0.7500
  10   24   0.9550
  10   25   0.3650
  10   26   0.1120
  10   30   0.7740
  11   15   0.7550
  11   18   0.5700
  11   19   0.8350
  11   21   0.4460
  11   22   0.5740
  11   24   0.6620
  11   26   0.8870
  11   29   0.1750
  12   15   0.4000
  12   16   0.8780
  12   17   0.3500
  12   18   0.7520
  12   20   0.8900
  12   22   0.2810
  12   23   0.5740
  12   24   0.8990
  12   30   0.6190
  13   17   0.2750
  13   22   0.1770
  13   25   0.1040
  13   26   0.8730
  13   29   0.7810
  13   30   0.9100
  13   31   0.5720
  14   18   0.4850
  14   21   0.4360
  14   24   0.1720
  14   25   0.5280
  14   27   0.2650
  14   28   0.5290
  14   29   0.1510
  14   31   0.2050
  14   33   0.2100
  15   17   0.9660
  15   19   0.4260
  15   20   0.3880
  15   21   0.5030
  15   23   0.8350
  15   25   0.3600
  16   21   0.9590
  16   25   0.6180
  16   33   0.2790
  17   22   0.8160
  17   25   0.4800
  17   30   0.1630
  18   33   0.5990
  19   29   0.6500
  19   30   0.1730
  20   29   0.2910
  20   30   0.8520
  20   33   0.4350
  21   22   0.5220
  21   25   0.5080
  21   26   0.6010
  21   27   0.5260
  21   28   0.9280
  21   33   0.2630
  22   28   0.2660
  22   30   0.5500
  23   24   0.1110
  23   27   0.2650
  23   33   0.4430
  24   27   0.1840
  24   30   0.5830
  24   33   0.4280
  25   29   0.4170
  25   30   0.5050
  25   31   0.7410
  25   32   0.6470
  26   27   0.4930
  26   32   0.8570
  27   33   0.1670
  28   31   0.5150
  28   32   0.9420
  28   33   0.8460
  29   31   0.4470
  29   32   0.5750
  30   31   0.2940
  31   32   0.3080
  31   33   0.9660
  32   33   0.5990
