39 20 20
   0    2   0.1430
   0    3   0.6700
   0    4   0.8870
   0    6   0.8090
   0    8   0.3300
   0   10   0.3350
   0   12   0.5830
   0   13   0.5580
   0   19   0.9990
   0   21   0.3960
   0   23   0.3630
   0   24   0.5030
   0   25   0.4720
   0   26   0.5580
   0   31   0.8840
   0   32   0.9750
   0   33   0.1940
   0   35   0.9900
   0   36   0.9390
   1    2   0.2570
   1    3   0.2710
   1    8   0.8670
   1   10   0.2140
   1   11   0.3710
   1   15   0.9640
   1   16   0.8170
   1   17   0.4220
   1   18   0.5300
   1   21   0.9910
   1   23   0.7380
   1   24   0.1290
   1   27   0.2890
   1   29   0.7790
   1   30   0.4780
   1   31   0.4090
   1   32   0.1250
   1   33   0.6130
   1   34   0.2560
   1   35   0.9460
   1   36   0.5080
   2    4   0.9180
   2    6   0.6910
   2   10   0.4800
   2   11   0.8780
   2   13   0.6770
   2   14   0.5770
   2   15   0.7590
   2   16   0.3780
   2   17   0.4220
   2   18   0.7510
   2   19   0.4780
   2   20   0.9270
   2   21   0.9380
   2   22   0.8140
   2   23   0.3880
   2   24   0.1340
   2   25   0.8650
   2   27   0.2600
   2   29   0.3310
   2   32   0.7190
   2   33   0.7640
   2   37   0.9450
   3    7   0.5710
   3    8   0.9970
   3    9   0.4710
   3   10   0.7880
   3   12   0.2990
   3   13   0.6930
   3   16   0.5500
   3   17   0.5090
   3   18   0.4770
   3   21   0.9980
   3   22   0.4830
   3   26   0.9970
   3   29   0.6990
   3   36   0.8370
   3   38   0.6710
   4    6   0.8530
   4    8   0.9800
   4   11   0.7370
   4   13   0.2350
   4   14   0.9600
   4   17   0.3510
   4   18   0.3500
   4   20   0.1940
   4   21   0.9260
   4   27   0.9550
   4   30   0.7990
   4   31   0.3030
   4   38   0.2100
   5    8   0.6100
   5    9   0.5410
   5   10   0.5060
   5   11   0.8640
   5   12   0.1340
   5   14   0.3680
   5   20   0.8140
   5   23   0.1630
   5   25   0.2310
   5   27   0.6290
   5   28   0.1950
   5   30   0.7990
   5   31   0.6740
   5   33   0.6240
   5   34   0.9120
   5   36   0.4900
   5   37   0.9690
   5   38   0.1800
   6    7   0.3500
   6   10   0.5470
   6   11   0.7520
   6   12   0.9290
   6   13   0.1160
   6   14   0.7380
   6   16   0.7500
   6   17   0.7200
   6   20   0.2020
   6   21   0.7110
   6   22   0.7670
   6   25   0.5130
   6   26   0.6490
   6   29   0.9270
   6   31   0.5510
   6   32   0.7510
   6   33   0.8850
   6   36   0.5840
   7    8   0.9580
   7   10   0.7660
   7   14   0.8300
   7   15   0.2480
   7   17   0.3890
   7   18   0.8050
   7   21   0.4280
   7   23   0.8270
   7   25   0.5790
   7   27   0.2760
   7   28   0.7040
   7   29   0.7930
   7   30   0.6320
   7   32   0.3230
   7   33   0.7310
   7   34   0.6400
   7   36   0.8660
   7   37   0.2550
   7   38   0.9380
   8   14   0.6620
   8   15   0.5980
   8   18   0.1320
   8   20   0.3230
   8   24   0.8200
   8   26   0.7490
   8   29   0.4290
   8   32   0.3030
   8   34   0.7330
   8   37   0.4590
   9   14   0.9540
   9   16   0.5590
   9   22   0.1400
   9   24   0.4190
   9   25   0.9560
   9   28   0.5490
   9   30   0.4830
   9   32   0.9030
   9   33   0.7050
   9   35   0.9580
   9   36   0.8240
   9   38   0.9570
  10   11   0.4060
  10   12   0.6260
  10   13   0.5960
  10   14   0.2100
  10   16   0.2000
  10   21   0.6490
  10   22   0.4500
  10   24   0.6660
  10   26   0.9310
  10   27   0.3220
  10   29   0.9180
  10   30   0.7870
  10   31   0.4390
  10   32   0.2680
  10   33   0.6970
  10   36   0.9740
  10   37   0.1230
  11   12   0.7750
  11   13   0.3930
  11   14   0.7600
  11   15   0.5430
  11   19   0.7220
  11   20   0.2290
  11   21   0.4500
  11   22   0.3920
  11   23   0.3120
  11   25   0.6860
  11   26   0.5660
  11   27   0.8240
  11   29   0.5840
  11   30   0.1120
  11   32   0.2000
  11   34   0.4900
  11   35   0.8380
  12   15   0.3210
  12   16   0.2020
  12   18   0.4230
  12   20   0.4710
  12   21   0.6820
  12   23   0.3560
  12   24   0.7340
  12   26   0.9950
  12   29   0.9260
  12   30   0.2550
  12   32   0.4920
  12   33   0.5280
  12   35   0.7930
  12   38   0.5670
  13   14   0.9190
  13   15   0.7960
  13   16   0.1410
  13   18   0.3780
  13   21   0.8430
  13   23   0.7560
  13   27   0.2490
  13   30   0.3890
  13   31   0.7830
  13   32   0.3340
  13   34   0.7200
  13   36   0.3040
  13   37   0.1010
  13   38   0.9550
  14   16   0.6310
  14   17   0.5920
  14   18   0.1660
  14   20   0.6920
  14   22   0.1460
  14   23   0.2900
  14   26   0.9090
  14   27   0.1170
  14   34   0.9040
  14   35   0.8860
  14   36   0.9100
  15   20   0.6430
  15   21   0.1670
  15   23   0.6030
  15   25   0.4250
  15   26   0.5660
  15   27   0.6290
  15   31   0.9890
  15   35   0.2040
  15   36   0.7940
  16   19   0.7660
  16   20   0.5820
  16   21   0.4440
  16   22   0.8700
  16   24   0.1980
  16   25   0.4240
  16   26   0.5960
  16   27   0.8090
  16   30   0.2350
  16   31   0.4310
  16   32   0.2710
  16   33   0.7460
  16   36   0.7670
  16   37   0.9420
  16   38   0.6450
  17   20   0.6990
  17   21   0.7890
  17   23   0.8970
  17   24   0.7110
  17   25   0.6630
  17   27   0.4320
  17   30   0.1700
  17   31   0.7890
  17   32   0.3980
  17   37   0.3680
  18   20   0.5640
  18   21   0.1180
  18   22   0.1780
  18   23   0.9630
  18   27   0.3800
  18   28   0.8950
  18   30   0.9530
  18   32   0.4320
  18   33   0.2840
  18   34   0.3370
  19   20   0.5600
  19   25   0.7560
  19   28   0.4490
  19   29   0.4040
  19   31   0.8380
  19   32   0.7750
  19   34   0.7910
  19   36   0.3830
  19   37   0.3260
  19   38   0.4920
  20   21   0.5580
  20   23   0.4720
  20   24   0.7720
  20   25   0.5070
  20   26   0.7520
  20   27   0.3440
  20   30   0.2040
  20   31   0.8640
  20   32   0.7960
  20   33   0.2410
  20   34   0.5390
  20   35   0.6460
  20   37   0.6210
  21   22   0.8530
  21   25   0.7180
  21   27   0.5860
  21   29   0.5510
  21   30   0.1400
  21   35   0.5010
  22   24   0.9300
  22   25   0.3730
  22   26   0.8570
  22   27   0.5280
  22   29   0.2270
  22   35   0.1190
  22   36   0.2110
  22   37   0.4680
  22   38   0.2170
  23   24   0.9800
  23   26   0.9980
  23   27   0.2500
  23   30   0.9340
  23   31   0.3570
  23   32   0.6790
  23   34   0.5710
  23   35   0.6710
  23   36   0.3530
  23   38   0.3040
  24   28   0.1330
  24   29   0.5870
  24   30   0.9210
  24   31   0.6840
  24   32   0.5330
  24   35   0.6090
  24   37   0.6970
  24   38   0.4330
  25   29   0.9250
  25   31   0.2340
  25   32   0.1200
  25   34   0.3650
  25   38   0.3460
  26   27   0.9260
  26   28   0.8290
  26   29   0.2340
  26   30   0.6750
  26   31   0.7990
  26   32   0.2650
  26   34   0.8560
  26   36   0.3440
  26   38   0.9090
  27   29   0.9990
  27   30   0.8850
  27   31   0.4630
  27   33   0.7370
  27   34   0.8290
  27   38   0.3090
  28   35   0.2590
  29   31   0.8990
  29   32   0.5900
  29   33   0.2520
  29   34   0.9690
  29   36   0.3390
  29   37   0.9290
  29   38   0.2210
  30   31   0.7380
  30   32   0.4360
  30   33   0.6140
  30   34   0.9130
  30   35   0.9930
  31   32   0.5530
  31   33   0.6910
  31   34   0.3170
  31   35   0.9460
  32   35   0.1840
  32   36   0.6860
  32   37   0.3780
  32   38   0.7460
  33   36   0.7090
  33   37   0.2680
  33   38   0.8800
  34   35   0.4620
  34   37   0.5480
  34   38   0.5820
  35   36   0.3440
  36   37   0.5470
  36   38   0.4650
