37 15 18
   0    5   0.1590
   0    7   0.5880
   0   11   0.8790
   0   16   0.5650
   0   20   0.9690
   0   21   0.2770
   0   24   0.7190
   0   25   0.6120
   0   26   0.2530
   0   28   0.9280
   0   33   0.7270
   0   34   0.5340
   1    2   0.1270
   1    3   0.2970
   1   11   0.1460
   1   12   0.1330
   1   13   0.3300
   1   16   0.4190
   1   18   0.9760
   1   26   0.7180
   1   27   0.2520
   1   30   0.6500
   1   31   0.5260
   1   32   0.2020
   2    3   0.4590
   2    4   0.4140
   2    6   0.8240
   2   10   0.8640
   2   14   0.8570
   2   15   0.4530
   2   18   0.8770
   2   19   0.6320
   2   20   0.1900
   2   31   0.5030
   2   32   0.4180
   2   33   0.4030
   2   34   0.3830
   2   35   0.5170
   2   36   0.7660
   3    4   0.4380
   3    6   0.7160
   3    7   0.2560
   3    8   0.3230
   3    9   0.4530
   3   13   0.5140
   3   15   0.1760
   3   24   0.1360
   3   31   0.4030
   3   32   0.1610
   3   33   0.5400
   3   36   0.4830
   4    5   0.3240
   4    7   0.4830
   4    9   0.8440
   4   10   0.1490
   4   11   0.2920
   4   12   0.4410
   4   17   0.1240
   4   20   0.2720
   4   21   0.8730
   4   23   0.8570
   4   25   0.8510
   4   27   0.9470
   4   29   0.1440
   4   30   0.2670
   4   31   0.6600
   4   32   0.6620
   5    6   0.5410
   5    7   0.7730
   5    8   0.3840
   5   13   0.2840
   5   15   0.2420
   5   18   0.7430
   5   20   0.9400
   5   21   0.4410
   5   23   0.5790
   5   24   0.9480
   5   26   0.7850
   5   28   0.7200
   5   30   0.4890
   5   31   0.9510
   5   32   0.2620
   5   35   0.3270
   6   10   0.5370
   6   16   0.9060
   6   17   0.5140
   6   18   0.4170
   6   19   0.3980
   6   20   0.3870
   6   21   0.5050
   6   22   0.3540
   6   25   0.1240
   6   28   0.9340
   6   32   0.3860
   6   34   0.4130
   7   10   0.9620
   7   12   0.5260
   7   16   0.9640
   7   19   0.4410
   7   20   0.5130
   7   28   0.7170
   7   34   0.8010
   8   10   0.8510
   8   11   0.7420
   8   14   0.9310
   8   16   0.8940
   8   17   0.8750
   8   20   0.9660
   8   21   0.5710
   8   22   0.2520
   8   24   0.7380
   8   29   0.6850
   8   34   0.6260
   9   12   0.3790
   9   17   0.1080
   9   20   0.6070
   9   21   0.6740
   9   24   0.5780
   9   25   0.8650
   9   28   0.8460
   9   33   0.6140
   9   34   0.1530
  10   12   0.1010
  10   13   0.8300
  10   14   0.4720
  10   18   0.7510
  10   20   0.8660
  10   23   0.3580
  10   28   0.6460
  10   31   0.6880
  10   32   0.3730
  10   34   0.7300
  10   35   0.5340
  10   36   0.4050
  11   14   0.5660
  11   17   0.6710
  11   18   0.5080
  11   20   0.8570
  11   21   0.6510
  11   24   0.2750
  11   27   0.1330
  11   31   0.5280
  11   32   0.7100
  11   35   0.7080
  11   36   0.6500
  12   18   0.1480
  12   22   0.6060
  12   23   0.1110
  12   25   0.5340
  12   35   0.9030
  13   16   0.4420
  13   17   0.5680
  13   18   0.5880
  13   19   0.1330
  13   26   0.1890
  13   28   0.5670
  13   30   0.9390
  13   33   0.3280
  13   34   0.5610
  13   35   0.2920
  13   36   0.8260
  14   15   0.8880
  14   16   0.8310
  14   20   0.9020
  14   22   0.4800
  14   23   0.2710
  14   25   0.7110
  14   26   0.1550
  14   28   0.4010
  14   30   0.5420
  14   35   0.5950
  15   19   0.8340
  15   20   0.5320
  15   23   0.6840
  15   24   0.9250
  15   25   0.2300
  15   29   0.7270
  15   32   0.5620
  15   33   0.2920
  15   36   0.8840
  16   17   0.2760
  16   18   0.7070
  16   19   0.7340
  16   25   0.2160
  16   30   0.5020
  16   32   0.2430
  16   35   0.3550
  17   18   0.4760
  17   19   0.3000
  17   21   0.5630
  17   24   0.8970
  17   28   0.8250
  17   32   0.1540
  17   34   0.6030
  17   35   0.9610
  17   36   0.1030
  18   19   0.2290
  18   21   0.3610
  18   24   0.8460
  18   25   0.3520
  18   29   0.8880
  18   31   0.7860
  18   33   0.3890
  18   34   0.2520
  18   35   0.4830
  18   36   0.9890
  19   22   0.7060
  19   25   0.5050
  19   27   0.4640
  19   28   0.7400
  19   29   0.5410
  19   30   0.7370
  19   31   0.1380
  19   36   0.4050
  20   21   0.9980
  20   23   0.7610
  20   24   0.1550
  20   26   0.9820
  20   27   0.5540
  20   29   0.8660
  20   30   0.5410
  20   32   0.4800
  20   34   0.2520
  20   36   0.6140
  21   24   0.6430
  21   25   0.1240
  21   26   0.1910
  21   30   0.1500
  21   33   0.3710
  21   36   0.8780
  22   23   0.6810
  22   24   0.1510
  22   26   0.8510
  22   27   0.3410
  22   28   0.8270
  22   29   0.8400
  22   30   0.9270
  22   31   0.6360
  23   25   0.4110
  23   30   0.7180
  23   32   0.3830
  23   35   0.6900
  23   36   0.4620
  24   25   0.3530
  24   28   0.4580
  24   30   0.8730
  24   32   0.6100
  24   35   0.6250
  24   36   0.9060
  25   26   0.8780
  25   28   0.9360
  25   31   0.9380
  25   32   0.2940
  25   35   0.9340
  26   28   0.5350
  26   30   0.3000
  26   36   0.9960
  27   30   0.4950
  27   31   0.1670
  27   33   0.4200
  27   35   0.6620
  28   31   0.2130
  28   35   0.6130
  28   36   0.3050
  29   33   0.5770
  29   36   0.7100
  30   34   0.3410
  30   35   0.6570
  30   36   0.4220
  31   35   0.7930
  31   36   0.8980
  32   35   0.5000
  33   34   0.5160
  33   35   0.9780
  33   36   0.4230
  34   36   0.1310
  35   36   0.3640
