30 10 10
   0    2   0.8640
   0    3   0.4590
   0    5   0.9900
   0    6   0.8950
   0   13   0.9550
   0   14   0.9250
   0   16   0.7340
   0   22   0.8170
   0   23   0.8930
   0   24   0.2620
   0   25   0.6660
   0   27   0.4680
   0   29   0.1620
   1    2   0.1460
   1    6   0.8270
   1   11   0.8410
   1   13   0.9120
   1   14   0.3250
   1   16   0.5820
   1   19   0.9010
   1   23   0.7450
   1   28   0.7400
   1   29   0.6560
   2    4   0.5330
   2    5   0.7870
   2    6   0.9400
   2   18   0.6850
   2   21   0.5980
   2   24   0.3440
   2   26   0.8460
   3    4   0.1850
   3    6   0.6360
   3    7   0.5200
   3    8   0.9190
   3    9   0.8170
   3   10   0.7610
   3   13   0.8100
   3   16   0.9460
   3   18   0.4500
   3   19   0.8660
   3   22   0.2430
   3   27   0.1590
   4    7   0.3910
   4    9   0.2120
   4   22   0.8470
   5    8   0.2920
   5    9   0.2110
   5   13   0.6290
   5   16   0.1630
   5   17   0.4950
   5   20   0.4140
   5   21   0.2110
   5   22   0.4720
   5   23   0.5610
   5   26   0.3550
   6    7   0.5890
   6   11   0.2210
   6   16   0.1860
   6   19   0.2350
   6   22   0.1360
   6   24   0.3300
   7    8   0.5130
   7   20   0.2880
   7   21   0.8500
   7   24   0.3850
   7   25   0.7770
   8   10   0.8350
   8   12   0.3070
   8   13   0.5720
   8   16   0.8750
   8   18   0.3800
   8   19   0.4030
   8   20   0.3390
   8   26   0.8510
   8   28   0.9220
   9   12   0.5360
   9   14   0.1210
   9   16   0.2480
   9   23   0.4740
   9   25   0.6230
   9   27   0.4160
   9   29   0.8440
  10   12   0.8080
  10   15   0.2280
  10   18   0.5740
  10   19   0.8560
  10   22   0.7830
  10   23   0.5280
  10   26   0.5760
  10   27   0.4210
  11   12   0.4560
  11   18   0.2710
  11   19   0.1030
  11   26   0.9860
  12   15   0.4000
  12   22   0.4650
  12   23   0.4310
  12   26   0.2620
  12   28   0.7430
  13   14   0.8200
  13   16   0.6190
  13   19   0.1720
  13   22   0.4870
  13   29   0.7240
  14   16   0.8350
  14   17   0.4920
  14   19   0.9950
  14   20   0.6650
  14   24   0.5850
  14   25   0.5100
  14   28   0.4860
  15   17   0.4250
  15   19   0.9870
  15   27   0.5480
  15   28   0.1390
  16   19   0.7870
  16   21   0.5790
  16   22   0.2830
  16   25   0.1890
  16   29   0.2880
  17   24   0.2290
  17   25   0.1740
  17   26   0.2590
  17   28   0.8450
  17   29   0.1310
  18   21   0.1160
  18   23   0.8890
  18   24   0.1390
  18   25   0.9630
  18   26   0.8110
  18   27   0.8410
  19   21   0.9700
  19   24   0.1490
  19   26   0.6040
  20   28   0.4140
  21   24   0.3650
  22   23   0.4980
  22   24   0.4640
  22   25   0.5140
  22   28   0.7970
  23   24   0.3300
  23   25   0.6280
  23   28   0.3910
  24   25   0.8720
  24   26   0.2560
  24   27   0.2650
  24   28   0.1160
  25   28   0.1590
  25   29   0.8670
  26   29   0.5590
