38 15 18
   0    1   0.7630
   0    2   0.8180
   0    3   0.7640
   0    6   0.6620
   0   11   0.2940
   0   14   0.8590
   0   19   0.7150
   0   22   0.3480
   0   25   0.1020
   0   26   0.3560
   0   29   0.8290
   0   30   0.5450
   0   31   0.2150
   0   32   0.2170
   0   34   0.6670
   0   36   0.6940
   0   37   0.7650
   1    2   0.2110
   1    3   0.3280
   1   10   0.8620
   1   12   0.9110
   1   14   0.8610
   1   18   0.4810
   1   19   0.2850
   1   22   0.8040
   1   24   0.4850
   1   27   0.9340
   1   28   0.1550
   1   29   0.7910
   1   30   0.2530
   1   34   0.1310
   1   35   0.4070
   1   36   0.5330
   2    3   0.7630
   2    5   0.8840
   2   15   0.3090
   2   16   0.5770
   2   19   0.8550
   2   20   0.6360
   2   23   0.6800
   2   25   0.5090
   2   26   0.3340
   2   28   0.2490
   2   32   0.2630
   2   34   0.9070
   2   35   0.7280
   2   36   0.6230
   2   37   0.5180
   3    8   0.2480
   3   12   0.7000
   3   17   0.2600
   3   18   0.9330
   3   21   0.8410
   3   23   0.4630
   3   24   0.3250
   3   31   0.1810
   3   33   0.9210
   4    7   0.8250
   4   13   0.5110
   4   14   0.6130
   4   15   0.1890
   4   19   0.6200
   4   22   0.9240
   4   23   0.3690
   4   30   0.2590
   4   32   0.3110
   4   34   0.5220
   5    6   0.1780
   5   10   0.4110
   5   11   0.5680
   5   13   0.8390
   5   16   0.6490
   5   18   0.6770
   5   20   0.3380
   5   24   0.3210
   5   25   0.4020
   5   26   0.4610
   5   28   0.7810
   5   29   0.1890
   5   32   0.4710
   5   33   0.4780
   5   35   0.3170
   5   37   0.3310
   6    8   0.2960
   6    9   0.2240
   6   12   0.5150
   6   13   0.2340
   6   15   0.9680
   6   16   0.8120
   6   17   0.5460
   6   18   0.2770
   6   19   0.3680
   6   24   0.1350
   6   25   0.7590
   6   27   0.9780
   6   28   0.6330
   6   31   0.3000
   6   34   0.9970
   7   12   0.7550
   7   16   0.8700
   7   18   0.1540
   7   22   0.7710
   7   23   0.8190
   7   24   0.1780
   7   25   0.5480
   7   26   0.6150
   7   28   0.5210
   7   31   0.4450
   7   35   0.2870
   7   36   0.5100
   8    9   0.7700
   8   10   0.5660
   8   11   0.3440
   8   14   0.7570
   8   15   0.7390
   8   16   0.5640
   8   19   0.8210
   8   20   0.8430
   8   24   0.3240
   8   26   0.9020
   8   30   0.1540
   8   31   0.7610
   8   33   0.4040
   8   34   0.8250
   9   13   0.6380
   9   16   0.2600
   9   19   0.3450
   9   20   0.9070
   9   21   0.9730
   9   24   0.4220
   9   26   0.6990
   9   29   0.9330
   9   30   0.4770
   9   31   0.8250
   9   33   0.6600
   9   35   0.8070
   9   37   0.7310
  10   11   0.8060
  10   12   0.6000
  10   15   0.5690
  10   22   0.7320
  10   27   0.1950
  10   28   0.8810
  10   32   0.5510
  10   34   0.7000
  10   35   0.7280
  11   14   0.1550
  11   17   0.8900
  11   19   0.5130
  11   20   0.7390
  11   27   0.8220
  11   30   0.4360
  11   31   0.8320
  11   37   0.2560
  12   14   0.2640
  12   17   0.5490
  12   18   0.9910
  12   20   0.9630
  12   23   0.6290
  12   26   0.8150
  12   28   0.8580
  12   30   0.6820
  12   32   0.4240
  12   35   0.9300
  12   36   0.8820
  12   37   0.3090
  13   14   0.2280
  13   17   0.1680
  13   20   0.3300
  13   26   0.1510
  13   35   0.3200
  13   36   0.4620
  13   37   0.1050
  14   15   0.8280
  14   20   0.6680
  14   23   0.5090
  14   32   0.6330
  14   35   0.8720
  14   36   0.3760
  14   37   0.1990
  15   16   0.3500
  15   17   0.2940
  15   20   0.7330
  15   21   0.2620
  15   22   0.5500
  15   26   0.3540
  15   28   0.7590
  15   29   0.9250
  15   31   0.8840
  15   32   0.2500
  15   33   0.6040
  15   34   0.1460
  15   37   0.2980
  16   18   0.6020
  16   24   0.7330
  16   26   0.5690
  16   29   0.8850
  16   31   0.2470
  16   33   0.4020
  16   36   0.3910
  16   37   0.6820
  17   18   0.6140
  17   23   0.7210
  17   24   0.1060
  17   26   0.9990
  17   28   0.4540
  17   31   0.9070
  17   32   0.4010
  17   33   0.6500
  17   36   0.8770
  18   22   0.9380
  18   23   0.9360
  18   24   0.9770
  18   25   0.2260
  18   28   0.5080
  18   30   0.7620
  18   31   0.5300
  18   33   0.9690
  18   34   0.9560
  19   20   0.3070
  19   21   0.8280
  19   22   0.1930
  19   27   0.8010
  19   28   0.7960
  19   31   0.8030
  19   32   0.1190
  19   34   0.6090
  19   36   0.7110
  19   37   0.4440
  20   29   0.8620
  21   26   0.9180
  21   32   0.5250
  21   34   0.2840
  22   24   0.1970
  22   26   0.8490
  22   29   0.1470
  22   31   0.8950
  22   33   0.1020
  22   35   0.8110
  22   36   0.6770
  22   37   0.2640
  23   24   0.1590
  23   26   0.3910
  23   28   0.8280
  23   30   0.2240
  23   31   0.6120
  23   34   0.1080
  23   35   0.3070
  23   36   0.9430
  24   25   0.3040
  24   26   0.5270
  24   27   0.4450
  24   29   0.7250
  24   30   0.6230
  24   32   0.9210
  24   34   0.2920
  24   37   0.9660
  25   27   0.7950
  25   32   0.8780
  26   27   0.5150
  26   30   0.8240
  26   31   0.4070
  26   32   0.7720
  26   35   0.4320
  26   36   0.9140
  27   33   0.7310
  28   30   0.1260
  28   31   0.9550
  28   33   0.9300
  28   35   0.6440
  29   31   0.1080
  30   32   0.7880
  30   37   0.2060
  31   32   0.7440
  31   33   0.4400
  31   34   0.2970
  31   35   0.6800
  31   36   0.7310
  31   37   0.2620
  32   33   0.2280
  32   34   0.9630
  32   35   0.6540
  32   37   0.2990
  33   35   0.1690
  34   37   0.3820
